(0, 3.2)
(75.0, 3.91)
(25.3, 4.71)
(11.29, 5.34)
(6.84, 5.43)
(4.26, 4.15)
(3.86, 2.65)
(5.45, 3.13)
(8.1, 2.94)
(9.81, 2.28)
(6.93, 1.67)
(3.77, 1.71)
(3.27, 1.86)
(3.12, 2.22)
(2.95, 2.45)
(2.72, 2.49)
(2.56, 2.36)
(2.43, 2.58)
(2.4, 3.27)
(2.28, 3.82)
(2.19, 3.14)
(2.14, 2.57)
(2.11, 2.11)
(2.11, 1.87)
(2.11, 1.7)
(2.43, 1.7)
(2.63, 1.76)
(3.06, 1.69)
(3.13, 1.56)
(3.19, 1.39)
(2.77, 1.29)
(1.69, 1.33)
(1.63, 2.56)
(1.52, 2.62)
(1.47, 2.38)
(1.43, 2.63)
(1.36, 3.14)
(1.21, 3.17)
(1.06, 1.74)
(1, 1.52)
