(0, 3.63)
(21.73, 4.22)
(9.38, 3.71)
(6.49, 2.92)
(5.97, 1.17)
(5.74, 1.13)
(5.16, 1.12)
(4.64, 1.1)
(4.31, 1.07)
(4.28, 1.04)
(3.16, 1.03)
(3.06, 1.06)
(2.95, 1.08)
(2.84, 1.11)
(2.55, 1.35)
(2.19, 2.15)
(1.9, 3.35)
(1.68, 5.15)
(1.53, 5.24)
(1.43, 4.66)
(1.37, 3.49)
(1.28, 2.78)
(1.24, 2.18)
(1.2, 1.9)
(1.18, 1.55)
(1.18, 1.48)
(1.18, 1.37)
(1.18, 1.27)
(1.24, 1.27)
(1.35, 1.26)
(1.46, 1.26)
(1.51, 1.21)
(1.5, 1.14)
(1.49, 1.1)
(1.45, 1.05)
(1.37, 1.06)
(1.08, 1.05)
(1.05, 1.08)
(1.04, 1.16)
(1, 1.2)
