(0, 1.1494252873563218)
(9.30232558139535, 1.1299435028248588)
(5.0, 1.1299435028248588)
(3.278688524590164, 1.1869436201780414)
(2.7777777777777777, 1.3245033112582782)
(2.7210884353741496, 1.606425702811245)
(2.3255813953488373, 1.606425702811245)
(2.2099447513812156, 1.941747572815534)
(2.2988505747126435, 2.4539877300613497)
(2.051282051282051, 3.3057851239669422)
(1.8867924528301887, 5.633802816901408)
(1.7241379310344827, 7.407407407407407)
(1.486988847583643, 11.11111111111111)
(1.4705882352941178, 20.0)
(1.3029315960912051, 20.0)
(1.3333333333333333, 6.896551724137931)
(1.3029315960912051, 3.6036036036036037)
(1.3605442176870748, 2.6490066225165565)
(1.3157894736842106, 1.834862385321101)
(1.36986301369863, 1.3888888888888888)
(1.4234875444839858, 1.1869436201780414)
(1.3201320132013201, 1.1695906432748537)
(1.1799410029498525, 1.1695906432748537)
(1.0610079575596818, 1.1494252873563218)
(1, 1.1661807580174928)
