(0, 1.2698412698412698)
(36.36363636363637, 1.2944983818770226)
(19.047619047619047, 1.3114)
(11.764705882352942, 1.3114)
(9.75609756097561, 1.2738853503184713)
(8.695652173913043, 1.2345679012345678)
(7.8431372549019605, 1.2158)
(4.25531914893617, 1.2158)
(3.5398230088495577, 1.2422360248447204)
(3.252032520325203, 1.2658227848101267)
(3.076923076923077, 1.3157894736842106)
(2.857142857142857, 1.3605442176870748)
(2.6490066225165565, 1.3651877133105803)
(2.5316455696202533, 1.3333333333333333)
(2.380952380952381, 1.3793103448275863)
(2.3255813953488373, 1.4545454545454546)
(2.2222222222222223, 1.5151515151515151)
(1.694915254237288, 1.5267175572519085)
(1.6326530612244898, 1.6326530612244898)
(1.593625498007968, 1.7094017094017093)
(1.509433962264151, 1.7167381974248928)
(1.4492753623188406, 1.6597510373443984)
(1.3840830449826989, 1.5444015444015444)
(1.3605442176870748, 1.4184397163120568)
(1.3289036544850499, 1.3333333333333333)
(1.2903225806451613, 1.3157)
(1.092896174863388, 1.3157)
(1.0582010582010581, 1.2084592145015105)
(1, 1.1869436201780414)
