(0, 1.03)
(39.21, 1.06)
(28.57, 1.14)
(13.6, 1.19)
(14.81, 1.37)
(18.51, 1.51)
(13.79, 1.73)
(15.74, 2.05)
(15.26, 2.26)
(11.76, 2.45)
(15.5, 3.06)
(21.05, 3.56)
(15.15, 5.26)
(16.94, 8.45)
(11.36, 7.4)
(9.21, 8.95)
(6.75, 14.81)
(4.35, 10.61)
(5.93, 6.03)
(5.44, 3.65)
(4.93, 2.51)
(5.55, 2.1)
(5.11, 1.73)
(4.35, 1.5)
(5.23, 1.38)
(6.28, 1.14)
(5.37, 0.05)
(4.87, 0.02)
(3.25, 0.02)
(2.89, 1.08)
(2.84, 1.17)
(2.4, 1.17)
(2.25, 1.23)
(2.39, 1.32)
(2.54, 1.4)
(2.4, 1.61)
(2.52, 1.86)
(2.48, 2.05)
(2.6, 2.6)
(2.42, 3.07)
(2.48, 4.97)
(2.49, 8.69)
(2.42, 36.36)
(2.42, 300.0)
(2.19, -1.42)
(2.06, -10.0)
(1.97, 209.09)
(1.87, 33.33)
(1.92, 16.21)
(1.92, 7.36)
(1.9, 4.97)
(2.02, 4.27)
(2.0, 3.29)
(1.88, 2.67)
(1.87, 2.31)
(1.91, 2.15)
(1.91, 2.01)
(1.88, 1.89)
(1.8, 1.67)
(1.87, 1.52)
(1.87, 1.42)
(1.82, 1.35)
(1.84, 1.28)
(1.61, 1.09)
(1.55, 0.02)
(1.35, 0.02)
(1.33, 1.07)
(1.36, 1.2)
(1.42, 1.4)
(1.33, 1.61)
(1.35, 1.86)
(1.38, 2.09)
(1.37, 2.48)
(1.34, 2.73)
(1.35, 3.24)
(1.27, 3.03)
(1.22, 3.06)
(1.16, 2.98)
(1.2, 2.49)
(1.15, 2.13)
(1.12, 1.9)
(1.13, 1.68)
(1.13, 1.61)
(1.13, 1.54)
(1.11, 1.4)
(1.11, 1.34)
(1.11, 1.2)
(1.1, 1.16)
(1.07, 1.06)
(1, 1.03)
