(0, 1.08)
(200.0, 1.08)
(250.0, 2.52)
(90.9, 2.52)
(44.44, 2.52)
(28.16, 2.52)
(20.83, 2.52)
(17.24, 2.52)
(14.49, 2.52)
(11.83, 2.52)
(11.11, 2.53)
(10.05, 2.52)
(9.09, 2.52)
(8.09, 2.54)
(8.0, 2.54)
(7.43, 2.52)
(7.24, 2.52)
(6.96, 2.52)
(6.53, 2.53)
(6.25, 2.54)
(5.97, 2.53)
(5.64, 2.53)
(5.44, 2.53)
(5.22, 2.52)
(4.96, 2.52)
(4.98, 1.93)
(4.81, 1.91)
(4.7, 1.91)
(4.56, 1.91)
(4.38, 1.91)
(4.24, 1.92)
(4.08, 1.93)
(3.92, 1.92)
(3.86, 1.92)
(3.73, 1.91)
(3.6, 1.92)
(3.49, 1.92)
(3.41, 1.92)
(3.32, 1.91)
(3.21, 1.91)
(3.2, 1.08)
(3.14, 1.08)
(3.07, 1.08)
(2.98, 1.08)
(2.95, 1.08)
(2.89, 1.08)
(2.85, 1.08)
(2.78, 1.08)
(2.71, 1.08)
(2.69, 1.08)
(2.6, 1.08)
(2.56, 1.08)
(2.47, 1.08)
(2.38, 1.08)
(2.37, 1.16)
(1.52, 1.16)
(1.52, 1.08)
(1.5, 1.08)
(1.49, 1.08)
(1.46, 1.08)
(1.44, 1.08)
(1.42, 1.08)
(1.4, 1.08)
(1.37, 1.08)
(1.35, 1.08)
(1.33, 1.08)
(1.33, 1.11)
(1.32, 1.13)
(1.32, 1.14)
(1.31, 1.16)
(1.3, 1.18)
(1.29, 1.2)
(1.28, 1.23)
(1.26, 1.26)
(1.25, 1.29)
(1.24, 1.31)
(1.22, 1.34)
(1.21, 1.36)
(1.19, 1.4)
(1.18, 1.43)
(1.16, 1.45)
(1.14, 1.48)
(1.13, 1.51)
(1.11, 1.54)
(1.1, 1.55)
(1.09, 1.57)
(1.08, 1.57)
(1.07, 1.58)
(1.06, 1.59)
(1.05, 1.6)
(1.04, 1.61)
(1.03, 1.62)
(1.02, 1.63)
(1.01, 1.64)
(1, 1.65)