(0, 1.05)
(36.36, 1.09)
(20.0, 1.06)
(12.03, 1.09)
(9.46, 1.11)
(8.0, 1.1)
(7.11, 1.05)
(6.17, 1.06)
(5.47, 1.08)
(4.79, 1.06)
(4.39, 1.09)
(4.0, 1.08)
(3.76, 1.06)
(3.47, 1.1)
(3.33, 1.14)
(2.91, 1.18)
(2.9, 1.31)
(2.76, 1.54)
(2.77, 1.67)
(2.87, 1.81)
(3.11, 2.07)
(3.86, 2.32)
(3.8, 2.82)
(3.21, 2.84)
(2.69, 2.96)
(2.54, 3.5)
(2.38, 2.98)
(2.09, 2.87)
(1.96, 2.51)
(1.86, 2.53)
(1.82, 2.84)
(1.79, 3.58)
(1.82, 4.46)
(1.88, 5.78)
(1.99, 7.29)
(1.9, 8.26)
(1.75, 7.46)
(1.64, 11.11)
(1.51, 10.41)
(1.39, 8.84)
(1.45, 6.28)
(1.54, 4.54)
(1.49, 3.74)
(1.45, 3.11)
(1.52, 2.73)
(1.5, 2.18)
(1.4, 2.21)
(1.33, 2.29)
(1.24, 2.52)
(1.18, 2.5)
(1.13, 2.36)
(1.17, 2.13)
(1.23, 1.85)
(1.27, 1.7)
(1.25, 1.57)
(1.31, 1.48)
(1.41, 1.39)
(1.38, 1.29)
(1.4, 1.23)
(1.47, 1.16)
(1.47, 1.06)
(1.35, 1.06)
(1.29, 1.1)
(1.25, 1.08)
(1.18, 1.06)
(1.15, 1.1)
(1.1, 1.06)
(1.02, 1.07)
(1, 1.13)
