(0, 1.2987012987012987)
(40.0, 1.3333333333333333)
(19.047619047619047, 1.3793103448275863)
(12.5, 1.3986111)
(8.695652173913043, 1.3986123)
(6.557377049180328, 1.3888888888888888)
(6.0606060606060606, 1.3468013468013469)
(5.194805194805195, 1.3157894736842106)
(4.651162790697675, 1.2461059190031152)
(1.932367149758454, 1.2461059190031152)
(1.7937219730941705, 1.2658227848101267)
(1.7316017316017316, 1.3071895424836601)
(1.6877637130801688, 1.3605442176870748)
(1.593625498007968, 1.4035087719298245)
(1.5037593984962405, 1.4035087719298246)
(1.4598540145985401, 1.486988847583643)
(1.408450704225352, 1.5325670498084292)
(1.3559322033898304, 1.606425702811245)
(1.3245033112582782, 1.7621145374449338)
(1.2779552715654952, 1.7777777777777777)
(1.2012012012012012, 1.8433179723502304)
(1.1661807580174928, 1.9047619047619047)
(1.13314447592068, 1.8957345971563981)
(1.0869565217391304, 1.9607843137254901)
(1.0610079575596818, 1.941747572815534)
(1.0389610389610389, 1.932367149758454)
(1, 1.9138755980861244)
