(0, 1.21)
(16.49, 1.21)
(15, 1.25)
(13.44, 1.23)
(8.6, 1.31)
(7.69, 1.22)
(6.03, 1.22)
(5.17, 1.23)
(4.49, 1.3)
(3.89, 1.3)
(3.25, 1.43)
(2.81, 1.57)
(2.67, 1.61)
(2.52, 2.03)
(2.46, 2.58)
(2.31, 3.98)
(2.2, 5.18)
(2.15, 11.9)
(2.07, 21.27)
(1.95, 14.49)
(1.84, 15.15)
(1.77, 12.04)
(1.71, 6.99)
(1.58, 6.53)
(1.55, 5.15)
(1.51, 3.9)
(1.45, 3.52)
(1.41, 3.58)
(1.38, 3.22)
(1.35, 3.21)
(1.3, 2.86)
(1.28, 2.38)
(1.21, 2.38)
(1.21, 2.13)
(1.17, 1.91)
(1.13, 1.91)
(1.1, 1.73)
(1.05, 1.73)
(1.03, 1.63)
(1, 1.58)
