(0, 1.35)
(30.18, 1.42)
(17.77, 1.47)
(13.22, 1.56)
(10.19, 1.53)
(8.37, 1.56)
(7.04, 1.65)
(6.72, 1.57)
(5.42, 1.59)
(5.04, 1.73)
(3.97, 1.8)
(3.56, 1.89)
(3.3, 2.1)
(2.96, 2.14)
(2.73, 2.23)
(2.56, 2.34)
(2.51, 2.8)
(2.38, 2.98)
(2.24, 3.47)
(2.16, 4.01)
(2.04, 4.27)
(1.88, 5.1)
(1.77, 5.3)
(1.68, 5.15)
(1.72, 3.98)
(1.7, 3.27)
(1.78, 2.59)
(1.79, 2.19)
(1.86, 1.8)
(1.84, 1.52)
(1.79, 1.41)
(1.63, 1.32)
(1.46, 1.4)
(1.35, 1.28)
(1.28, 1.29)
(1.16, 1.29)
(1.18, 1.41)
(1.16, 1.63)
(1.16, 1.8)
(1.2, 2.06)
(1.28, 2.5)
(1.33, 2.8)
(1.37, 3.61)
(1.36, 5.31)
(1.31, 8.77)
(1.16, 13.33)
(1.12, 7.75)
(1.08, 10.63)
(1.05, 16.66)
(1.02, 11.23)
(1, 15.62)
