(0, 18.86)
(29.62, 19.23)
(16.84, 8.13)
(12.5, 6.06)
(11.51, 5.07)
(9.46, 4.13)
(8.29, 3.37)
(7.17, 3.37)
(6.86, 2.94)
(6.1, 2.59)
(5.35, 2.44)
(4.86, 2.13)
(4.48, 2.11)
(4.14, 1.91)
(3.73, 1.69)
(3.63, 1.55)
(2.94, 1.38)
(2.7, 1.37)
(2.5, 1.29)
(2.34, 1.15)
(2.14, 1.15)
(2.09, 1.22)
(2.08, 1.98)
(2.0, 2.12)
(1.94, 2.02)
(1.86, 2.19)
(1.76, 1.2)
(1.67, 1.2)
(1.54, 1.17)
(1.49, 1.31)
(1.39, 1.64)
(1.38, 1.93)
(1.4, 2.54)
(1.38, 3.14)
(1.35, 4.31)
(1.33, 5.74)
(1.29, 4.85)
(1.28, 3.73)
(1.25, 1.21)
(1.2, 1.2)
(1.13, 1.21)
(1.08, 1.24)
(1.04, 1.4)
(1.02, 1.4)
(1.01, 1.49)
(1, 1.55)
